######################################################
####### Samson Mano's Varai2D Raw Data ###############
######################################################
[+] End Points, 24
12, -2.0000004296527853, 81.668488434359
3, 2.0000000042776698, 81.668488434359
14, 9.169225727378302, 89.99999356269832
15, 77.00000563903302, 89.99999356269832
16, 9.169225727378302, -89.99999356269832
17, 77.00000563903302, -89.99999356269832
18, 2.0000000042776698, -81.66849081854465
19, 77.00000563903302, -85.99999884820775
20, 9.169225727378302, -85.99999884820775
21, 77.00000563903302, 85.9999964640221
22, 9.169225727378302, 85.9999964640221
23, 5.999990432445388, 81.668488434359
24, 5.999990432445388, -81.66849081854465
0, -9.169250640376683, -89.99999356269832
1, -77.00000563903302, -89.99999356269832
2, -77.00000563903302, -85.99999884820775
4, -9.169250640376683, -85.99999884820775
5, -9.169250640376683, 89.99999356269832
6, -77.00000563903302, 89.99999356269832
7, -2.0000004296527853, -81.66849081854465
8, -77.00000563903302, 85.9999964640221
9, -9.169250640376683, 85.9999964640221
10, -6.000011198964031, 81.668488434359
11, -6.000011198964031, -81.66849081854465
[+] Lines, 16
4, 14, 15
8, 16, 17
10, 18, 3
14, 19, 17
16, 20, 19
18, 15, 21
19, 22, 21
20, 23, 24
0, 0, 1
1, 2, 1
2, 4, 2
3, 5, 6
5, 7, 12
6, 6, 8
7, 9, 8
9, 10, 11
[+] Arcs, 8
21, 3, 14
c0, 9.99125618053336, 82.04233936152117
c1, 3.927257340133899, 87.26039139129934
22, 18, 16
c0, 9.99125618053336, -82.0423593730469
c1, 3.9272481681846023, -87.2604047323165
23, 22, 23
c0, 13.666909858282077, 79.38400161195904
c1, 7.210532942438245, 84.10794238922838
24, 20, 24
c0, 13.666916528790656, -79.38400828246762
c1, 7.210524604302521, -84.10794905973697
11, 7, 0
c0, -9.991270355364092, -82.04234603202976
c1, -3.9272898588632237, -87.26038472079075
12, 4, 11
c0, -13.666934872689248, -79.3840149529762
c1, -7.21053461006539, -84.10796240075413
13, 12, 5
c0, -9.991270355364092, 82.04233269101259
c1, -3.9272944448378717, 87.26037805028217
15, 9, 10
c0, -13.666934872689248, 79.38400161195904
c1, -7.210527939556811, 84.10796240075413
[+] Surfaces, 2
1, {18, 19, 23, 20, 24, 16, 14, 8, 22, 10, 21, 4}, n@0
0, {1, 2, 12, 9, 15, 7, 6, 3, 13, 5, 11, 0}, n@0
######################################################
######################################################
