######################################################
####### Samson Mano's Varai2D Raw Data ###############
######################################################
[+] End Points, 12
0, -20, 40
1, 20, 40
2, -20, -40
3, 20, 19.99999986331449
4, 20, -40
5, 20, -19.99999986331449
6, 16.99999938393887, 19.99999986331449
7, 16.99999938393887, -19.99999986331449
14, 16.99999938393887, -36.999999247253356
12, -16.99999938393887, -36.999999247253356
10, -16.99999938393887, 36.999999247253356
9, 16.99999938393887, 36.999999247253356
[+] Lines, 12
0, 0, 1
1, 0, 2
2, 1, 3
3, 2, 4
4, 4, 5
5, 3, 6
6, 5, 7
11, 14, 7
13, 12, 14
9, 10, 12
8, 9, 6
10, 10, 9
[+] Surfaces, 1
0, {2, 5, 8, 10, 9, 13, 11, 6, 4, 3, 1, 0}, n@0
######################################################
######################################################
