######################################################
####### Samson Mano's Varai2D Raw Data ###############
######################################################
[+] End Points, 26
2, -0.9999998513111223, 0.7574999791753684
3, 0.99999985261351, 0.7574999791753684
0, 0.99999985261351, 0.7074999783962239
1, -0.9999998513111223, 0.7074999783962239
4, 0.99999985261351, 0.6924999766041895
6, 6.511938988993209E-10, -0.7425000130331431
10, 6.511938988993209E-10, -0.7574999992422657
13, 0.5931774995685971, 0.617029067633157
14, 0.6799968821988751, 0.6924999766041895
9, 0.5783234940769612, 0.6191166635746125
18, 0.3105955619400447, -0.7422402856269228
19, 0.39741495152650763, -0.6667693962487975
20, 0.3105955619400447, -0.7572402435640435
21, 0.4122689926359721, -0.6688569781659742
7, -0.3105955606376568, -0.7422402856269228
11, -0.3105955606376568, -0.7572402435640435
15, -0.3974149502241198, -0.6667693962487975
16, -0.5783235202188609, 0.6191166681944756
17, -0.593177505184875, 0.6170290862772988
22, -0.41226899133358436, -0.6688569781659742
23, -0.9999998526135098, 0.6924999756554242
24, -0.679996894771338, 0.6924999756554242
26, 2.7703001403081663E-24, 0.7574999992422659
27, 2.7703001403081663E-24, 0.7074999897359955
30, 0.6696740326367222, 0.707499952997168
31, -0.6696740326367218, 0.7075000091406192
[+] Lines, 20
0, 3, 0
4, 0, 4
12, 4, 14
7, 6, 18
11, 10, 20
5, 19, 9
8, 13, 21
13, 6, 7
14, 10, 11
19, 15, 16
20, 17, 22
21, 23, 24
28, 23, 1
2, 1, 2
27, 31, 27
3, 1, 31
6, 0, 30
9, 3, 26
16, 30, 27
1, 2, 26
[+] Arcs, 8
24, 13, 14
c0, 0.6748928471401637, 0.6106988742208034
c1, 0.6211221305041873, 0.6725550338334744
15, 18, 19
c0, 0.3156995665486376, -0.6604392209276898
c1, 0.369470283184614, -0.7222953805403607
17, 20, 21
c0, 0.3157570012991838, -0.6605052456262649
c1, 0.3793111634490189, -0.7336159776037834
23, 7, 15
c0, -0.3156995665486376, -0.6604392209276898
c1, -0.369470283184614, -0.7222953805403607
25, 11, 22
c0, -0.3157570012991838, -0.6605052456262649
c1, -0.3793111353772933, -0.7336159214603323
26, 17, 24
c0, -0.6748928471401637, 0.6106988742208034
c1, -0.6211221305041873, 0.6725550338334744
41, 9, 30
c0, 0.6748354685330687, 0.6107649550628297
c1, 0.6074761839802348, 0.6803856416853115
39, 16, 31
c0, -0.6748354685330687, 0.6107649550628297
c1, -0.6074761839802348, 0.6803856416853115
[+] Surfaces, 2
0, {12, 24, 8, 17, 11, 14, 25, 20, 26, 21, 28, 3, 39, 19, 23, 13, 7, 15, 5, 41, 6, 4}, n@0
1, {6, 16, 27, 3, 2, 1, 9, 0}, n@0
######################################################
######################################################
