######################################################
####### Samson Mano's Varai2D Raw Data ###############
######################################################
[+] End Points, 8
0, -6.350006103514103, 1.770249933692806
1, 6.350006103517148, 1.770249933692806
2, -6.350006103514103, 1.557249938151141
3, 6.350006103517148, 1.557249938151141
10, -0.07349994286257981, 1.557249938151141
11, 0.07350013895915519, 1.557249938151141
4, -0.07349994286257981, -1.770249933692806
5, 0.07350013895915519, -1.770249933692806
[+] Lines, 8
0, 0, 1
1, 0, 2
3, 1, 3
2, 2, 10
12, 11, 3
4, 10, 4
5, 4, 5
6, 11, 5
[+] Surfaces, 1
0, {3, 12, 6, 5, 4, 2, 1, 0}, n@0
######################################################
######################################################
