######################################################
####### Samson Mano's Varai2D Raw Data ###############
######################################################
[+] End Points, 12
0, -162.5, 175.00000762939453
1, 162.5, 175.00000762939453
2, 162.5, 155.00000762939453
3, -162.5, 155.00000762939453
6, 5, 155.00000762939453
7, 5, -155.00000762939453
8, -5, 155.00000762939453
9, -5, -155.00000762939453
4, 62.50000000000001, -155.00000762939453
5, 62.50000000000001, -175.00000762939453
10, -62.50000000000001, -155.00000762939453
11, -62.50000000000001, -175.00000762939453
[+] Lines, 12
0, 0, 1
1, 1, 2
3, 3, 0
6, 6, 7
7, 8, 9
2, 3, 8
4, 2, 6
5, 4, 5
9, 10, 11
10, 11, 5
8, 10, 9
11, 7, 4
[+] Surfaces, 1
0, {1, 4, 6, 11, 5, 10, 9, 8, 7, 2, 3, 0}, n@0
######################################################
######################################################
