######################################################
####### Samson Mano's Varai2D Raw Data ###############
######################################################
[+] End Points, 12
0, -400, 86.29999542236328
1, 400, 86.29999542236328
2, -400, 73.5999984741211
3, 400, 73.5999984741211
5, 2.3999977111816406, 73.5999984741211
6, 2.3999977111816406, -78.4000015258789
7, -2.4000015258789062, 73.5999984741211
8, -2.4000015258789062, -78.4000015258789
9, 38, -78.4000015258789
10, 38, -86.29999542236328
11, -38, -86.29999542236328
12, -38, -78.4000015258789
[+] Lines, 12
0, 0, 1
1, 0, 2
3, 3, 1
5, 5, 6
6, 7, 8
7, 9, 10
8, 10, 11
9, 11, 12
10, 8, 12
11, 6, 9
2, 2, 7
4, 5, 3
[+] Surfaces, 1
0, {3, 4, 5, 11, 7, 8, 9, 10, 6, 2, 1, 0}, n@0
######################################################
######################################################
