######################################################
####### Samson Mano's Varai2D Raw Data ###############
######################################################
[+] End Points, 11
0, -6.350006103517148, 1.8437499746036736
1, 6.350006103514103, 1.8437499746036736
2, -6.350006103517148, 1.6307499790620086
3, 6.350006103514103, 1.6307499790620086
5, 0.07349999893515287, 1.6307499790620086
6, 0.07349999893515287, -1.6967498927819384
7, -0.07350002681400908, 1.6307499790620086
8, -0.07350002681400908, -1.6967498927819384
4, 0.07349999893515287, -1.8437499746036736
9, -1.1964999881713647, -1.8437499746036736
10, -1.1964999881713647, -1.6967498927819384
[+] Lines, 13
0, 0, 1
1, 0, 2
3, 3, 1
5, 5, 6
6, 7, 8
7, 8, 6
2, 2, 7
4, 5, 3
8, 7, 5
9, 6, 4
10, 4, 9
11, 10, 9
12, 10, 8
[+] Surfaces, 3
0, {3, 4, 8, 2, 1, 0}, n@0
1, {7, 6, 8, 5}, n@0
2, {9, 10, 11, 12, 7}, n@0
######################################################
######################################################
